start=208.445733
speed=0.045950
pause=yes
volume=84.000000
audio-delay=-0.000002
contrast=35
deinterlace=yes
