start=239.523000
fullscreen=yes
sub-scale=0.900000
