start=8016.099822
volume=102.000000
