start=382.933333
pause=yes
volume=106.000000
audio-delay=-1.700000
sub-delay=0.200000
sub-scale=1.500000
