start=287.567169
audio-delay=2.300000
