start=6455.490711
audio-delay=0.100000
