start=992.300000
pause=yes
sid=no
sub-delay=-0.400000
sub-scale=1.300000
