start=55.500000
volume=88.000000
