start=62890.045000
fullscreen=yes
sub-scale=0.500000
