start=545.000000
sub-scale=0.700000
