start=7.566667
pause=yes
sub-scale=1.600000
