start=3137.134000
pause=yes
volume=88.000000
